2547 2562
2548 25222
2549 25822
255ο 25922

5555 54028555- ·
2552 242,22

“ · 2552 143220

²554 ¹44‚2⁴

²555 '454² a.. ί 5·

2556 247,8
2552 22818
2558 Ι22222
2559 252, 26
2566 252,24

’. 2562 2545

2562 255, 24
2565 2525
2564 255, 25
2565 26ο,6
2566 262, 26

2567 nomam 25 25257Ι

2568 2659
2569 265, 26
2576 266,24
2572 2682
2572 2698
²57³ ¹7⁰·¹7

2574 umbi* 2

5575 573212
2576 274, 22
²577 57621
2578 277,28
5579 57924
2580 28ο,28
2582 282,9

. 2582 285, 24

2585 284, 20
2584 286, 8

2585 287,5267222. 5555

2586 289, 8

2587 2952222. 222,- 2’.; 2

2588 292, 29

..2 .‘.. ι..““
2589 2958267222. 25 2 2,
ἦιι ull·

²590 1556
2592 296, 22

2522 2584
2593 299, 26
2594 2οο,ρω.

259⁵ 2222

. 2596 203, 27

 

