470 413.11
471 4747 78
477 47677
473 41877
474 47675
475 4777771677
476 477777·
477 475714
478 47677
479 478718
480 440,77
487 44779
487 444,6
415 446.7
484 4477 78
485 44979
486 45177
487 477775
488 45475
4119 45677
496 457774

491 4597Ι
497 46ο,70

495 467,6 abina

474 46775
495 4647 7777·
496 466717
497 468717
498 47679
499 47776
776 4777
50¹ 475,7ηαψ.
577 47778
567 47971
504 48ο,75
567 48775

506 485,907.
567 485776
508 486,977.
577 488. 77
510 490715
577 497,78

517 504714
578 506,8
519 56874
570 570,7
577 577,76
577 575,7ο
μ55ῳ6ώω.
574 576,77
575 578,7
576 579,76
517 51174
578 577,78
{3¹22 1471777.
7577 477,75
7577 477,777
1315 41473
1314 41575
7575 476,7ο
7576 477,77
7577 478,70
7578 479,76
7579 470,777
1330 41175
7875 563.7
7877 565,77
7878 565,77
7819 76775
7870 568,74
7877 569,75
7877 577,4
7877 777, 75

1874 77476
7Μ55ῃ6ώω.

7876 577,7
7457 7,76
7457 5,7ο
7455 4,77.58,76.

7477 57,7
1473 3377 ,
7474 74767110·
7475 767 79
7476 58,7.47707·
1477 43715
572177
7487 47,78
7487* 49,8
7487 50,75
7485 57,7ο
7484 5777
7485 5478
7486 557 77
7487 567 77
7488 58,5
7489 59776
7496 6777
7497 67,77
7497 65,77
7495 64,777
7494 6677
7495 67,77
7496 68,7757.

 

